6541038444
1519724814
3100890080
5824512372
6728164076
4240289222
9351865534
4105132693
3350327605
6810107475
6936462934
6018770775
7599502898
1652000341
9891523794
5756320375
7068242936
2586256514
8315540715
4780718169
1997943854
4278311200
5150978588
4163342464
4364180657
1090243544
4737828995
3054561844
7375516495
5049960655
5891712768
4142572636
3235079984
9102014402
8104089391
9948419611
5871791505
4236542916
1383921253
9577271626
7067715425
7426852700
4249856249
1051110574
6236136300
6865704014
7399118146
8422678823
5040267388
5018795671
9583245535
8749728877
4845245303
9160008725
9780024000
8334707707
5218323053
1982412568
8785045913
1938487547
6062797407
1364050079
3707014235
6357149898
2805038239
5764393713
4801219316
5813352778
3880994389
2013156021
8357816285
3496336460
1892723193
5186266975
1875328891
7155094723
7084337849
6902452816
1008428729
7310444415
5367625165
8048448371
5255319024
6874667657
2504229584
7297294918
8933721137
4428341310
9803889196
9580765319
9542531624
6709742264
8732986660
9722900344
6368634217
6837376138
1240982349
8259641135
4615134418
8472817644
9387303547
5263244560
1463719058
1105815089
9379591174
6905171836
8783167536
9655450474
4554493411
8526713063
9724291245
7433506177
5289595888
7491763030
1297339538
3353628434
5252945641
2782840687
8535129086
6204040194
7083806158
8689409905
8845583376
9982321422
9120316605
7724537858
1385637053
8166439502
8797683507
4449786471
5527441750
9351810091
6507246307
5372159464
1380096637
1094643102
8044276399
3826769986
9051145104
1446109814
4213953172
4049198195
6487015138
4264010674
4078856641
6533636626
3260493145
4177012268
3450678829
2385215448
7127210964
8903468247
4597721487
1297461637
4998038042
9896248875
5516678610
5411879950
7802419023
8830008861
5257434714
2663713902
6892005970
4622648888
8115984119
9039978514
2669966994
3154050290
4004611307
1422928186
3586073833
9143311938
9734499780
1230679957
1459148817
9192544883
6061258938
4361603099
6481861654
4438136981
6442393595
3100876787
3027195003
4717350690
7900982845
2224388621
3032283383
5799987345
6238052936
5652688367
7751726120
9486345078
8170759852
9440749173
3423616822
1478574560
8522084940
6069606056
9994198779
3425735835
3661782795
8600786058
3616431735
3759590065
3273210031
1519190039
3996930608
8759952828
7797074290
2311969229
2335259741
7148429191
3302480126
9803651679
7208435998
2616507156
8483904687
7627041281
2943433230
9379796736
7593854886
9788915915
4402160495
2255983048
9585292959
5463009758
5597936480
7751141263
7188079453
9048098109
7552087205
1679536214
7464172695
2695703891
1160755225
6563584264
6847157047
4682957999
5137941310
1685339854
8428242563
8463391175
9359826822
1015221668
9917168664
7051985615
2607348445
8165987483
4055474382
6475029730
9233807825
4799325492
7783926291
9424135041
4007378803
5553522696
7999776393
6186433885
9585621178
5182369936
8197531952
7662640558
1989562471
7593781908
4951445190
6427011809
8287285570
6287335092
3207133947
8077180094
2046996670
9268826596
6229913977
8119510346
7690274163
2247503544
2982652734
3861807793
9586322483
5496949206
2045970036
8991729793
3697686532
2185814257
7283378107
4208531074
7963159841
9262819904
9082049590
2368686913
8813999139
4980888407
9332336975
9533002219
5397935701
3466156746
8942018665
4760023548
1496718228
7356323357
7535233638
8186610013
8996932156
2473123647
2566990459
7937867225
9157301513
7894287804
2909879209
6658463576
8449070634
3002113112
2881636762
9616971594
5583704699
2486374572
2203526250
5154592434
9516115930
3561956158
8182013693
2729700636
1507843755
7391797138
8973184582
4332901331
8442767051
4675700332
3600585173
9684631291
2987023891
2225850090
7939751806
5413304259
5118130997
1616616438
2202484635
8154304760
8079854803
9805297503
9970835002
3329105073
3375259959
3557032390
8893118349
8277640254
1472805930
4781332122
8967445132
4363322329
3918666180
8084587855
2136182800
7643653667
2096384364
1318988315
7987530573
7548663355
3765886729
8920681035
6336684197
5590694478
5029622355
3370247952
4527339039
6962209090
5552700092
4399029370
3324162372
5850094820
6483742197
1100749370
1126381906
5713247923
6276099337
3560593420
6441431887
9902482070
2136584814
9814939556
7753098721
7333182981
9504336424
7173691549
9002392453
5473628502
7839389385
6906699400
4234716176
1199707157
7829753131
3164699440
4630195166
5483211201
9514955084
2440232150
7342552169
2920758238
4622433186
1012252393
9631910036
3277765567
8651305428
4667377417
3274993104
2260578156
3560987516
6904658140
8891295612
1115142721
1127444805
8674598632
9473865533
8989581133
5570918644
5455349471
3909995197
4016999729
4712282114
7859845513
7055243862
8027561098
7272039903
1051653947
6955559189
8405284110
7804274647
2366615685
9614919144
1624307901
7909719287
7492348579
4795067951
3708677000
2659909816
8811797085
7895480932
4061272343
5389294163
4384009371
9796851164
3951416034
9304771970
3899042485
7389533087
4097940759
2702144765
1733534579
1912109689
5341895257
3885965750
5712333102
6288858574
7293995211
8987709273
7725026680
6329083783
4483790674
1639115884
9464656709
3820359812
5324115462
5490442843
1442441010
3650591983
8165960713
1876754701
1386437570
5904459413
2826191698
6399410977
6475756537
7226952212
2639301645
8252226243
2626348237
4010423941
9157565142
9448208225
3086681380
1183126896
4840816015
9880867728
8297653896
9984017676
5833146797
6695046028
2381849149
6094668787
6682292109
5609961584
8171733102
6119891227
6192007111
8222477297
8918805369
2038519353
5636799574
6491494941
8585139372
5121619591
9889679307
4825502479
3337018738
5239513987
7446279768
8677253576
3896396886
9535323847
5662199024
8059224477
6022798636
3838533637
2013332100
7098224619
1024943799
2743516660
6052599276
9270996781
8984670071
9607564782
9003044394
1519125726
3038988482
7271598117
6797590178
7957139182
7283886624
8981502997
8694359502
7318049284
4653510990
3514182702
4063877951
2777032207
4671171116
9352027404
9436466899
2367751840
2123407876
1634060459
1530014853
5026515949
9216858599
7607725484
9379914303
4185353805
9838882928
8507085357
3088097409
4477246064
8696251468
1413522202
8745491817
4316774202
5565439169
6623905712
8448018617
3050387421
9961819002
3132889036
5804025709
8971842660
9284644620
9744090403
3855017452
1812272708
7374474048
2384752522
2435204814
2838648564
2282352160
7575753588
8141522084
1688868181
1660466690
9681777952
4555982446
1077740143
2790546687
5130921399
1410348793
2665435289
7315940448
3978667867
1619554358
6242583744
3164059939
2263235874
9555124410
2312425571
3806356780
9004860552
4259270880
8973950436
4855862945
4568058757
1399256753
7828764634
5818746803
7653333105
7841811494
6247086466
2187421575
5348885006
7784742341
7567033814
3389389035
8357697415
6348498504
8845799388
9835412400
9724478265
9483847258
6936579190
6747713208
8011081875
3815879007
9050356692
2564974497
6359910244
8611091033
6432785068
9611952859
8877731776
1004088258
9747103611
4628348953
9524556281
9823157557
7868022449
4694107162
3124397345
2725012932
5797241195
6116952069
1866822491
3179989178
2688165411
5151707963
4198485141
2111840245
5043711841
6737466598
1362454129
4352894377
3076702167
9999255190
3182726068
9027255159
1362736229
2637061731
7848190525
6625375155
8970044648
6596400449
9507110056
8393144480
4537679456
8278999288
9752041716
8983038884
2074174222
3333637393
7687150647
2392859582
5519292729
7364388069
7424861310
1411902708
8438975588
7691777048
8313335002
8039099839
7900537913
4410952766
7677656769
8525915238
7838827605
5731196252
1479847940
2957925856
6932671864
4795626708
7049395889
1164928638
1562332081
1166070309
2121267786
9245728940
3509033213
7372483204
9484029499
6811997145
7336763124
5916630021
4887916110
3275868764
1265391558
4585747844
5370017778
8124128870
1294161390
5226545782
2567428225
5945057043
4628645417
1240961591
4753373705
6622520701
8427833792
1382606459
9693505894
8331273381
8402974411
2521795392
8075049781
6759839630
3952187837
4834795548
4225704366
2786589448
8979016070
8750284126
8985758082
2903506332
4267918234
2544738112
5484102695
6422911439
3120315118
5258322758
7104475659
8523975910
9803008244
4045378329
3285009769
4397177859
5083917607
7688606840
3659927560
9387165527
5192984166
9090067400
3392158069
4224171773
2532352545
3139333285
1013443359
2072451123
7685859631
9608579217
2027670166
9832124838
6875792099
9927854912
3970727240
1193035721
3849913272
2010540722
7416702073
4934692766
5530395725
2674816921
4167858822
1247400788
6283241519
7232713605
3334016375
8910598174
6705789894
1871957283
3242999121
5175390050
3617204824
1503821002
2698564415
6089291957
9828032957
2830139433
7984688253
4426425393
6109757057
8608969650
4074355067
2690830704
7760941327
2537200839
8519069806
6012802498
6721010108
2517744863
4507090925
3385715638
2918206249
1634188019
1335288979
7525936149
9442230537
6662307091
6171933794
2344284383
3608165485
7475850854
1536911158
5900148310
5148428129
2651898326
6101712130
1629769891
3631226988
1710049630
5754492534
8195090710
9282585549
8398070774
2483845372
7157316722
6275677932
1356757488
3817934315
8013466598
9410379929
2209550813
4125224239
3553033740
6786290401
7027031284
6581502943
2125811912
4065995565
9884982450
4345293445
9344574765
7648131669
5601629305
4516148331
3568436853
1338617948
6255462193
7614451588
5022552161
7254563660
8861080184
4761328112
6982298954
8256835002
1894771585
3688814601
9989211448
2512655407
6692099812
2514025323
6003715596
6936235166
5135506242
5548202054
7872211336
6803655651
4690864782
3442107397
4276112518
8396793608
9097777347
2586443985
5152134342
4845911799
5730647822
5613634494
8139430266
7573721239
1997482410
8327875394
1698363742
1621671986
5909472800
5904790732
3014282570
4257663550
7051403847
8457224187
6989276129
7714827439
8173637412
1421857018
8169776014
9954960307
8815488384
2089826574
3990400518
8708296582
1357279487
7322649955
8665575390
6600801586
8596057629
1638336089
1514060378
3360235890
1991046156
2066243448
5554877254
9044677734
4971870992
9927613372
9628513808
7738779399
4851835799
7379834699
2088438297
5462312308
7604369211
3103392960
8606992092
3354150987
8121613470
3115885434
7858655576
3650648798
8988796661
8028546015
6589841115
7325250028
7881655954
8276469279
2136309580
9048466238
1211507331
2903588147
1636073820
9666744871
1856541221
8273489497
3148326006
1822034540
3317941328
8773951246
8039628596
1547710128
5454518453
3558491151
6246343574
9155050219
8746556755
8667231899
6377729030
4364640143
7592183672
1770199804
4267742610
6356226948
5057617307
7181940084
6058001404
4759639404
9182595135
6137143826
4424227986
3200495741
4883254656
3591227319
4728631078
5866434180
6083304973
1500834511
6279878675
4075323923
1806298974
5245854378
6292529302
9674548962
3834269330
2339487193
9609218986
7099146772
9473674548
1809113916
7016022594
6786735258
2559948955
4228429468
8341555302
1288672941
8668969706
8552630237
8136036804
9062557832
7831401775
4570720100
9753202369
2104507729
6692691928
3484015743
3883199797
1548711003
1601748172
2321321911
4090528386
7825523153
7266169564
2240538590
1026624183
9857104745
6670526243
8250038855
9873343986
5579059423
3570333084
6536617610
7314540678
8227135227
1261049008
8460973062
3844231645
3729398502
9623323832
7445185508
6452170823
3181559310
8601500926
1557120216
2161891283
8681788999
2555948279
9730044496
5537191363
7224340857
3262867861
8137121872
1486000936
2341186803
7506884036
7261625375
1796366927
2892074754
2735481381
9246439669
1299660943
7517434234
4335331674
7423550598
8647463822
2658766512
2055621224
6187025532
6284039280
6444872158
5401281113
5073797771
1918165615
1818571018
9245219809
1836432807
4284341727
9692428755
8355716520
2153634651
2109974952
9177444672
7773667321
8804340766
3110276684
7466860043
4252140622
6531505494
7247746975
8451977923
7879847852
1410736968
7108607807
3789781196
7829756517
3345425013
7816449302
3559251556
9038220591
9316124716
3050579518
1129095880
3253504705
4884947754
9056441202
1457283108
7609210609
6503360427
2678834032
5293717946
9220172453
9222395031
9971763463
5693615592
1426242735
7063380378
3491892794
8920212684
5840808749
6009149903
2908498946
1465662243
8746104346
7296076653
1488333594
4766423901
1806103104
2716942467
2286632619
2928821568
2905987514
4107572248
2658099215
4276656509
7984044026
7513608156
8974197453
4227147946
6025447616
6406523700
3780582749
7277611248
9539866389
5196586552
2333099240
6971169630
1683809573
8892092225
5358221920
9301650915
2449351547
6506933886
5942298352
4940028181
5923134574
7714131257
4236681248
1213473153
7862275798
1009966316
9451790724
9897489483
5468615075
8415994994
1542619306
4261019128
9700518374
3865899990
3566428336
9038405233
5667549794
8034593574
5189327705
1824994871
3622537698
2461176759
5547636756
9460504526
3765380181
4107787550
1460978533
1220746902
1586687870
7686166189
4896876611
2735554594
5721098589
4075431803
4613621616
5407847189
1535265535
2096940752
7105217671
3552307539
9788457713
7674863177
8818423289
1198805760
4076779671
8592510796
7756059681
8264535012
3860993496
3558718642
9932317532
2931530317
4905016237
3614292989
3625717772
2237158873
1348278938
1922241858
9184274294
6919061656
2909425551
3315156256
5463947419
9314003768
3432316713
3743456755
1784705317
8017076216
1819994266
8134170787
5182213055
8412978009
7029417524
5172251018
1102724365
4854690452
8080900967
4064758875
7125003619
5104567988
8420044990
8571851258
5046719935
9730003669
3410940897
9722592317
1937306476
9898205787
7149927422
6829116437
3453206581
2396082344
2710813823
7566586266
7017282353
9799204579
2614503085
7146559459
9328342261
6803728723
1807502005
9293563473
2009131265
7975651854
3179936280
5906513095
2878380924
6131727789
5460701645
3176642260
1606624909
3204934366
1386974345
7059639731
4832730861
3522322936
8591934432
5495168093
7328690614
2199569230
2367172966
4884555049
3205808707
9618442973
1901380324
6688132847
7090589426
3548832486
5667942198
2121123562
2203102420
3350403772
5463142336
9277921231
2134462629
9264605681
2090577701
5577648819
7703829361
9700779614
3850848876
8216784336
5051614055
3837193945
2272450381
5974362601
6437642822
3012745202
3586036199
7469917660
8751331895
1285636049
7124660334
6656026165
6123948942
6766088293
9411759446
2925938458
1231497045
9373184532
1820323034
9125708492
1925423261
6337379054
9050728771
7127171155
4579481839
7837536124
7829250534
8477310576
3988970777
7987135542
2365266075
5363089114
3276761776
6824048414
7798963760
4039327685
9752674285
4241758001
7079498935
9215811778
7423883462
5461202443
2008216842
7794541661
6633365171
3461086677
1346802406
9186407607
9569388266
2405086381
3639249763
9098147800
9576363737
8722075005
1755846655
3025674988
9092514688
6696177605
2640117661
9289906829
4799342245
5721911995
5229329759
1453543202
7974048567
9453833835
5463453242
4919195988
3836225648
6958133772
4475124383
3064250930
3272713060
5093911789
9967056504
9544301692
1487820182
4942577034
2153509614
7169039238
3473776855
1378772798
4559143867
9933987688
9201785247
6365382513
2516460834
4536288032
1138110423
8740869802
4289055351
1388952365
6156248858
5052481722
8340076301
4463674805
4291650780
3047272637
8754186573
4751507395
4990884733
2987809916
7916716205
6219131647
4002829347
7529953737
9118295913
6237359210
5992028996
8970309479
9033958934
2967125176
5363383593
2788086235
3448687705
2309078795
3075639964
1828982490
3422374638
4990048857
1495517007
7902492942
2809737147
4847995534
8508975853
1664320582
3704030073
9275654054
8169486460
2881785836
9933940320
1006722053
9057084579
9603955026
1389761834
6794497783
2489015177
7953921908
9435445070
1118561901
5201080839
5069432864
8281816172
1063224796
7998206463
3120994682
8216937556
2512745203
5048921275
3653028649
4934667833
9538476889
1773165551
9589166999
6375604622
4499313593
7559502409
3186602900
7025378371
3141260542
8436764593
5928680200
6040579074
8809200372
6486020031
1499818829
1461894301
3807829697
3367508493
4144026800
9134327377
4609423631
5345988305
7369147204
3221084457
2630719395
2711065698
8088728095
4877215668
1917930373
7776331937
9202136023
2094648911
3302184130
1915234547
9522556726
2154297514
5109199896
3500262999
6285921189
9982301899
2882508929
7958515998
3606578413
9913429205
7895785998
3255178929
8529107921
7453035488
4793794153
4525737899
2338139395
8435956244
4190267771
8405890456
7962266290
3419521454
1842433301
7170028179
8623698923
7358545163
9040734669
5235074843
3925564426
2444034693
8818226607
7587390961
3265559086
5933700356
7421196472
3936651956
9218916464
1642933517
4901072020
9822956578
4212149965
9378894718
2882556445
8740296019
8366028661
6897733115
4912461969
5656390913
3836857808
4992755585
2375711840
5939573598
4063453876
2705452807
1950140701
2867671932
9668080398
9663559810
5433273467
3518963844
3038261832
8875804821
7618314422
8211141678
5626487290
2476739792
9101916000
7639159651
2842502685
3219828191
1380743459
1910702592
9521804763
1752390576
7399851755
2118081917
6259241649
7644494539
8658945524
5619041350
2987280034
8186331091
2485768725
9578575622
8810214472
5752601523
9537147789
4780871187
6402853071
9469259800
9743975950
1412460269
6019289726
9353862937
5353463279
2563355707
7325562912
2594409220
9459046329
8828440740
5705119552
9726120490
4354417203
6840399577
2063252390
6557302685
8452086219
4281637096
9808369625
3168530057
9994372009
3362600435
1342237792
6297001258
3578714888
4041324228
9799118817
5088565319
7905313815
9426598129
3997184016
1366206352
9239284973
5795619030
5351635795
2458373266
7372611347
2964359445
9779807170
7740709701
9014485014
6788016309
2518608672
6345975138
9867231571
9093082829
6340466433
8067331069
4675391347
3953323408
6020334496
6597637057
9604427977
3025580808
5973884736
1526738997
3627515278
7565745318
2011200548
6708409328
8040656961
9888217241
5377681463
4863529925
1158222126
7624874273
4303441108
4937626917
4085783267
1113141907
8600836248
1578907729
3649629695
1304701195
8039474453
9575313472
9514763391
7557639253
7591316359
6162180816
1375802561
1929583476
6315816528
3944645248
4101041300
8996691479
4053065778
8327859828
6656290271
5223581043
5037444317
4836175599
8187348667
8428078581
4424663376
3347902237
7740526204
4327626901
6289821119
6617857035
1052244602
1186946812
4059418050
1824845631
7053627198
2608479084
7786344820
3367183056
4618907398
4549831584
3096364500
7375786892
3117074476
7146759781
7189776589
1708333870
5794676232
1514959577
9261438895
4455194182
1588753743
2686190874
5786639631
9440672736
9782779098
2748985981
9828004429
5843990981
6670128487
5921754430
1344290179
3278035843
2786599569
1003858182
4046191113
7384039879
1030896948
6644833873
2508593353
4221952842
6794395630
2307654623
4795748815
9556354060
4631128802
2317920897
3509084291
7386416392
4568471063
5945195844
9650584036
2357298443
9222440463
1114432310
6050902252
3414310572
4767553019
2493413459
9059470738
3187139272
8381311446
1976553324
1940916888
5864704547
3940919693
3110033703
8870171091
7904978621
2989807070
9932907488
4425656514
9511122477
9553925004
6148790638
9390772591
9416226456
9566244444
4066150836
5797302943
1649756102
1618942370
6197707192
6112916929
6411354270
8911203111
3437053448
5694703478
9201993163
4220516578
9256075122
2587848057
2632500374
7953443751
5504718753
7938809756
6492034044
2595891257
1599815708
5100312487
8874920646
9021272651
2773162026
7496810823
6645031457
2416026228
9242851774
8041919071
9443204558
7500441422
1195411718
4046270026
7231598675
3869630862
6239010735
5897533826
7750305186
5383641355
2173513961
5404895610
6352734348
9686770801
2839699040
2636791352
3653310168
2571773174
6246525522
2454999560
2035816509
5584576272
2572041552
4743953606
7984004948
6095741903
7917776245
3101039273
2300100943
8988390922
6547731013
8974001817
8821759896
8278896801
1488910719
5113027886
6511813415
5123954807
7502301802
1262999875
3654317031
5966699419
4703696139
9560659835
1486830303
4962156449
8758787943
3183305104
2683182020
1274634334
7825405240
8720814188
4516784016
6176065781
6727738748
3126093981
3396925343
7076838450
9685701279
5792660903
9056876348
7453845024
1736434330
2519354268
4154155837
2952208434
1858747371
3210922732
3396162541
2807129623
1070735063
5070773802
4482766546
4825527166
6145080718
1709478183
6068435032
4059580995
4832163147
6275893590
2189613237
2064629036
4416327347
8340652698
3848126406
4764637518
7502696630
6098970510
8174640274
2321482263
8376444842
7968249275
8293283995
8437853891
6154193751
8942080849
4670581612
5450599423
5427842647
6340777411
2487985208
2325848226
1036836176
9205283458
9095516976
9798764158
6557325166
1673823211
7857016848
6129367574
1285316978
2520622069
9789636299
8709910467
1865837996
9019397232
7992065453
9961298079
6984022400
6096922485
1825798563
6504591975
1145196270
5179181693
8916452926
8787140057
2415121488
5360477028
2779060620
5539214735
6831780555
4571270015
2789204779
7925284925
2697828009
3915626769
9082469276
2690809047
6767002150
6652663530
8617237372
9160756866
3942419394
7104580725
7941341483
2582295297
1173680547
1398897008
1916790671
7076356248
7688154476
8179735312
2159399733
8643589840
2944309952
4260672243
1163788318
3830476992
8188801016
6676088765
9400654915
4727724736
7620680821
8891718725
7955223882
1346589211
2593825145
6130300511
3113537695
5019972121
6529195566
8253403349
1458414339
4083469575
4599891901
6326139972
4763812308
7944154652
6896660353
8011344202
6236674645
7629456504
6048045845
6740134991
8231585708
5715649442
4628262161
6345835719
6379805430
2131528286
3757078872
1796262952
7289218940
6343468146
7651762885
1717558338
4226034943
3061388809
1431386076
3138807516
4286253645
9020445623
5642114696
9606758734
8740142560
7501626139
1127376567
7242907557
2139735099
8049897022
7641142298
7227438024
8534855490
2069334072
7665541078
3111378252
7336006986
9508689182
1330668748
1589146971
1600928552
7517540994
9668487570
6615786247
2957760230
3318574033
8785141044
4125432792
6159609296
7903396157
1767469665
9278440628
1552347290
7266708535
8569764130
4359207465
8503817471
1034194012
7450334116
2295970293
5395644724
2513482654
7811061515
3552895660
8515014671
9235331928
8236577218
3804683148
3098428716
6443909529
6442396588
7905291663
4686289540
8253607202
4471803536
6567342974
1296662133
5152917106
9077702579
4589875372
9806528164
3459106776
3296507331
4971631281
7956716829
6413502305
2917861101
4424919455
3170034408
8681085310
5340839172
3978158474
6490012391
4854270820
6552214240
6493082309
4787975568
8571526875
1159881240
4836223549
1435316799
7825253484
3083452727
2032089475
8808739250
2292187652
7366475116
8034749082
2542936449
2648013973
1631100121
3579502802
7720546441
5948242279
7520398521
7574876800
3197925299
8498956765
9715374766
5940709277
4550532217
8079569884
8807560690
7982085869
5271784557
6066582212
2620501023
8133897628
2745686334
4739091885
3076205343
6058399493
4257533878
8463988693
9356941879
9090229119
7374292978
4271224729
1402337875
1130247379
5236936951
5690126393
1145538076
3899512535
3892180743
9829625970
8489872906
9394795522
6106785678
7861944791
5817631581
3115921171
9664166200
8547929387
4042929698
2756039042
3529646170
8477045760
8694744178
2322622943
8592024572
1274765987
1921287456
4042194716
7283477557
4516820121
9086298327
7742676553
5945564522
2570734949
7398158076
5040530006
3432957266
8079736720
5165297370
7265226747
2188017720
9904198643
5113896302
5645306453
3406379222
7154293087
1435290442
2430915842
3128516316
8676833932
7131514124
4607714419
1270502038
2191135134
8308381655
5134259580
7548223762
5219975686
6827062712
7982166596
1158961523
1939153485
1984436336
3188688706
3045827375
1578949611
9715572410
3897068641
5875456801
2029320334
5323426574
2128577803
6357083654
7359164785
7023547754
9212700366
6922528011
8983219062
3684096084
2747636562
6594082251
7357244838
8190578533
6969901426
2149640555
2088262037
3567300387
8652565222
4365023342
4913907292
3557346320
2881188635
4535715038
7234381880
6047285725
4349254186
5432154292
5155035425
3939466102
2363580431
8628821936
5285552141
8954121995
9931547335
5936339879
7710866213
7025680058
5045214105
8098195452
2040646009
9100615963
6447922747
8368817038
4009006074
8481526937
9607943051
1808382403
5571850892
2585860226
3122421723
3064961449
3267280041
6468627642
7504479262
1119960338
5199824068
4759428802
4002148727
3626389933
5408887232
6255580265
2894540225
5414384772
4752366321
6680878243
8781162713
1408480777
3773255597
2821298322
3469404934
2291812432
2486155798
6130946863
6898136364
2367665810
1440692767
1051108850
7219593329
1427013229
2601399033
2584938569
4301496083
8537169271
7672275694
5694330344
5093428297
1512526804
8920310518
2226545320
3140616885
8203291539
6184350024
8865019940
7941461873
8473270543
5665677691
9726799278
8007548110
2856423575
5547057188
1835509581
3842929658
1777876659
4129048322
5807383472
1906190897
9359041083
3692580008
3543074698
3306309699
5134210969
2889852575
9823860260
5176741849
1653721305
9132972956
4900657060
6200687141
3649713384
3615964686
5923897003
6219783931
1569231695
5088181679
1050160153
6365880663
6375327345
2111886215
9990665408
4379981879
3608398264
3105266077
7430037843
7889689360
2632284385
2631640571
7467112025
9810350359
2286114495
6781385512
3410057541
6793051845
3889025135
9680500611
1897091203
1501494780
6680304983
9077706491
4153701605
7130602108
5657714035
6158449806
9636669117
6240829329
5128477787
7394894471
7239187700
4013492037
1823320764
7805140959
2332878491
1748536755
1161182945
8249837420
6574144240
6237909826
2646681314
4272766495
2413912431
3289686488
5417757881
8700271982
9807384597
2859839447
3617243112
3096192850
3109823804
9373349291
1623034465
6957218174
4971334156
4780260705
8603755864
5705464722
8571624775
3905545438
3759491751
1939113587
3785158465
6648240302
1918768764
6507326592
2570970289
8824765966
4016571312
5448769002
8543450777
1687134288
3262199682
1826181964
4495094343
4766068671
2610228853
5039742698
8977444155
2308709982
6604715842
5486910476
3217326233
9846884199
2454768351
9828988042
4330855608
3840601442
4429845714
9434566650
3834747041
8453154534
6311505365
4746111106
3257480003
5986458908
4334561493
6343481214
4315358960
4141010492
2921410634
7581822675
4266955528
2648884117
1108479609
2949722968
4551853232
8157573451
7020510339
2928740651
5479109919
6760407966
8087133770
3911859618
5385383474
1589259814
1624051443
2734441885
7294358417
3624577059
6431903199
5462843393
9982870165
5464116690
5603419083
3551648845
5630693427
6035311712
2672621515
3893643841
5525603855
7434152211
2324930185
1560110001
9072253887
2935019042
3302560587
7041745459
1437033231
9057554355
6870104761
6620684214
2809357649
7723766619
8343130792
5921867028
3012097300
7837692541
3839722177
7214530646
1979649536
5472599249
6415757207
8871948145
8375492101
5128354498
7503314270
2977578994
7210022231
7051039678
6684786913
5775267857
5931575054
1819606075
1741484015
1302517708
1344348636
4338064220
1487465355
3557479004
7786559502
7528875920
8334136923
5489509758
6177746900
9274289783
8778851810
9700635032
4964314292
6480352844
2186245852
7504917372
8611751324
6473145149
5831952866
3691013439
9761767741
7228151954
9340813181
4886660395
7673248944
2981048225
4368900703
4178920538
2486226322
3649451578
2250419046
6116190123
1248168536
6373224815
5815368937
9140758189
6862314399
4753989540
3580190933
8256186841
4311077149
6774157700
6259670605
3940116540
5567638983
7930658075
4095081458
3489568784
7855607807
9870637080
8589301989
3226027962
6447973120
8894419821
5039360061
8678690188
5323756035
5137031967
4941165361
6819385330
6701588758
1161913062
3544097738
6444478391
6606824483
2778153522
2717583697
2340651853
3523876153
8484604608
9191269956
4574662855
4675437053
8836160225
2456327100
5054800921
5090787237
5895787917
5736717643
2587220190
7640834675
4068381740
4911966872
8605037833
8898164904
3726965590
8846195994
8072806166
3050118423
4336795022
9874619549
1775390852
3581447464
7492466305
4327920297
7413197982
6145725160
1067783968
6128957004
8550436234
7809739303
7713977513
2241666528
1224866598
2092068000
6206344192
7677772538
8448421105
3206101707
3697581453
7521907142
1155311172
8953282308
8966106321
4932264883
8790656019
3323877314
7106452539
6789984874
5085719291
7582013125
7962072184
2253279019
2742853978
4144043356
9994924780
2442797677
1072126481
1263291236
8908737818
3574941173
2102103165
1384706415
7243061831
4301991929
4735413006
2067909295
4937863937
4126738536
3551484908
1675755238
7841264482
4659961541
8979024020
3907274357
5536566292
9821555325
7231106616
3984878071
9000441403
7746544209
6119349358
2999980449
2290723427
8974009842
6242504546
2930137908
6921151432
6523428489
3540887035
3749229164
3115355403
1653527008
7355796482
2312964066
1776743510
2438228370
7389450028
1099889718
9869010060
9021712364
1104975259
7510371256
5576768672
6864167034
1563874817
4233488422
1560099534
5014898948
7225972353
9301025039
5001908579
7081046658
1558447327
1115345048
2588968890
4388853043
8317405413
8729204059
6066348871
7405564268
8321556005
1001690787
1371532304
1551570854
2867741186
2528514785
9493425282
4094353297
5701580302
2284078026
9735416972
7131194793
6952775921
2851009664
6026206038
6302671511
1028720141
6594258599
1781252312
4950001418
3252919772
1399800215
5224211720
7934314732
9766498928
2485599737
6713318497
9295458743
4218451127
3542797477
6950293617
2418450773
7039151480
3732590964
4386955956
8250483550
4588507257
2982521765
2915841987
3106737414
4861156096
7290092948
5659794566
4624297715
6771074516
2064058982
2838176169
6419140759
9424318587
8621990922
9409044460
9504857210
5436823622
6663260533
9798672612
7017159734
4889595772
3490068872
4969817359
5881409328
4636404795
5862387019
2509084225
5501306822
5864378401
6603824143
7388570508
4167966145
2862227732
6934737529
9150343681
9602552023
8071058086
2071258639
6601667994
9294464645
6403937474
3768909823
7408055563
9913888685
8359902975
7241541842
5872568454
8899337224
5209538809
1618437063
2274713007
8165971495
9986176225
4594836460
4092353520
4567714773
1297439229
8249957843
4127784889
3431865899
3880253652
6561721915
3110069483
7056749523
4015511474
5892793187
8029374444
4741741285
8637962787
8870774004
1844508777
6946357162
7470449473
6423302157
5269534495
6388004657
7925803314
6140657976
3438689684
6123036263
4778866112
7463144570
3202272105
6481107638
5469566047
1655953124
1956846317
6860959372
4983859480
4743544738
5671386307
5341553628
6540862059
1570954019
5989827837
8110504536
9058409334
5412333473
3643928708
9857013070
3414562897
4324982813
5798144201
2521078566
2110415570
1608403653
3135977243
4517408816
1604873677
3763974868
8096894918
2346723369
8686323899
8488351072
9349425186
5653187305
7520870109
1187058544
9591620683
6038504982
1041150223
3678791710
3407906585
9606176541
7617368659
8372553056
4368226329
5530656376
3585549679
1458627033
9022293460
5465543937
7529446720
8387917957
7448814369
3903893460
9674303364
6101730428
4215590049
5385413095
3463891990
2264617737
1408029457
7281393594
8864996599
4508075937
8346440300
2057932367
5015787192
2461425663
1519571242
5362155109
9190231973
6666171822
5960957040
4326647045
9051331273
4124660149
5774904216
9931245801
8127296508
9948541389
4713538396
4395732521
9733489728
8823783289
2909707231
4444642436
5282319706
9027416103
8151012471
8115418213
3785924442
4295211552
1722998856
3869396564
4010232952
5644227292
1579923655
6690700297
5882378357
3115657681
8637660176
4295885106
5322728407
9078982973
7194498687
9458120785
8414387989
4228532381
1751159696
8032569750
1932475654
1707952171
2096729628
5083914508
7610358222
2345542285
4542248328
1759321833
4557320612
2863170425
4121638537
4079486692
4833961460
7032808123
7107113464
7190783637
6226970494
2290266389
9154493030
8514280721
7774465363
2006904288
5268688292
5905845311
3575342971
1219460258
2813124532
5808388385
4152549646
3491785220
2737709483
1336924491
3953368234
9808678475
9365426996
1318158283
6952044461
7908646925
8763672445
8745267622
5920527764
8498405653
9779380027
8867112068
2213495362
9617326176
6828176566
1375805521
4147119112
1965448305
5246958422
6931022061
7856964376
8872258664
9850731328
1338405869
9081776366
1025504532
4570545237
4087575944
3124091521
4706211524
9340967063
5672164500
5844376639
7008506141
4526308662
7624450434
5311503390
5573772719
2604384902
5176724534
8819128111
9440774887
1322525886
3243586703
4708676789
6145147039
9522035077
1874656152
9171142199
8187463297
8103502539
6904640887
6232663060
7792246883
8928086146
7797878626
2283759968
5978689128
8538403153
4508871318
6742182064
8108956835
1254603619
8178207469
7440156450
7494453578
8814993617
7768450171
2075524352
1261956445
4395194369
7218413023
1300069500
5052540730
5342495288
3046613581
3257481309
4884345260
1428784742
9609414739
9156184963
9453056136
2965803501
7772260752
9700442259
5307700648
6621678446
6152006419
9014062152
3994238807
1257159609
6287795218
8542006678
9990266095
9007514618
2621099580
4590220955
7727406374
7669970123
5663953907
9573169630
8471273506
2965521706
8771383022
2125447058
5638560402
4826561268
4615528666
7891007756
5535250525
3771139086
5686855870
3901796502
4776139633
4595573276
6447845130
4417195199
1793657402
7787929086
5224479360
6144760929
2695290814
1025514655
2371461233
5512611089
7628315054
9860292342
8026032200
3577818433
5102744901
7137644033
1690742079
7321685199
4634738387
9599025593
5830363847
8213900595
4949213079
3953163221
2183918944
4129855685
8988688649
2568233085
4791087294
8996333838
7446929336
7620269066
5602569277
5521593575
7398442210
1833289469
1937596420
9087812442
9340747495
9288658249
7163321594
8339355282
4573969238
3742691431
7019967105
1679407815
9977287817
4229681242
1076276476
3457295413
4391897047
1993559534
4971609551
3549118969
3075529161
3688989845
4340838320
7106753876
7031362256
3547448308
7001344854
6630924302
5678518844
3349327532
9219311533
7961474592
4290638796
8561007930
9208176402
8643714230
3078119453
4744522201
8653335040
1430774249
8421836071
4835152171
3831917695
6373156304
3183290802
4998380756
8031409593
4702236671
8081006031
4829659328
8728646887
9741829076
2155870567
8031949155
5869502824
8430610171
9741187004
6229840345
4875678152
5704781637
3510211834
9756626771
1534354528
5015372061
1996563445
5926928762
6031178198
7114519511
8331189112
9674510992
8478190380
8847722044
6374247005
3545679000
3268254623
5477339801
3289750544
2815594688
5081089524
5241893818
3529405471
1918452911
6972466225
9199197974
3374976004
6936490890
8959606653
1601345769
8042703911
9356780101
5644425410
9048036140
9320313463
2527859679
9668089531
5572587555
6602981341
3096453250
3132414521
7439058812
9676913015
4189698410
5693988134
5456211186
3930422302
1561779124
7778042402
5692193386
9409116239
6643107175
2943493777
7943744005
6444772051
5140893910
4755458583
1395578138
7207245827
1201677732
4885098654
4968385958
1031270690
3984301340
5440382010
5706219078
8739911691
2819621913
5337237570
4745401157
2305361644
3333327980
3393189804
9516759450
2364677511
4187547685
7247473519
2539132264
2843331554
4265866652
5272678331
2290542852
6511112175
8713234263
5615141692
3810558440
3188142846
6677823947
9329145699
3682150196
6665452095
1997382591
7278656815
5661709220
1598650982
9094724137
9181146247
2469057222
7360785580
4813364471
3999955055
5844098992
1269179228
7061937125
5990100542
6744383907
7748218914
8352959696
6342109743
3496050381
5504646713
2538220046
4306675815
6320239412
5741307927
5154695798
8939859586
9194452314
2967687321
2116631793
4260199663
6093874764
9046026727
8222998821
1082166003
7224732515
5833222541
7868601981
1399999562
2921469016
3143622588
5895019383
7456766056
5848029719
8159360758
6270837208
6603813073
3642593091
1278901459
1316746474
8440532725
4201979434
7726452003
1353378538
4431411291
1208799679
1554323278
7935748982
4695392005
4784481484
7005905960
4566508460
3802895814
3157174866
5208227615
3036595718
9648133532
4926515286
3815948297
4047693491
1671889354
9439513056
7992231335
8865418294
2142741239
9196017012
1356392422
9515401581
5060294629
3377229200
3788958158
8760544952
6356855201
8898286412
7711568555
1622982060
8141140172
9880278349
2547970562
2943978939
9069332050
4764726846
9873914398
8409643468
7199891886
7345057963
1581878863
7405215941
4866912612
2840510679
6149414590
1602507193
6073857084
6048016160
9153346503
4268458520
5599568303
3141476824
3013026885
3649569586
6656238188
1231899757
1465967018
4312965394
5366238448
4338195869
2356286577
6499695540
4944038618
5006682443
5596906524
4326780468
6452990016
1508288930
9785848310
7489731876
3444742913
2947246587
5004045189
5358805888
9232356699
6187135030
9511634851
2496780510
2528840062
3985047897
6759120137
6068318316
6851129429
6839712414
2062052604
8125692596
1149679035
5486781246
2554642285
3378959892
4054259137
1188620135
6977037380
3675239190
3145674310
9547602254
7398554203
9838567472
3335288573
8773234980
9820925445
1863086103
9179013798
6500916634
2771557465
2776917236
5732486390
8716795136
2049220530
8822685350
7085017912
5563093163
8999862019
5380369793
2283043715
8807037096
5190481975
8005359892
6868391590
7780795522
8577467176
5745598901
1260327851
1155925735
5753532301
8294665139
3257217712
9521258811
4687880617
5418993422
7046901810
3058326970
9158558365
8374804522
5746323743
5615106545
6244231224
9614070557
8214457570
9021927912
4895732495
1784679295
5226162319
4102841069
5152123771
2087249404
8518200094
7394019193
6396690200
1099038537
8201195723
1178650655
2957179352
7769020051
4264673750
4409557878
9566083723
5988122739
9535333209
6740048991
8586364329
1150105940
6971886245
1428029658
6741130637
7970442850
8524038105
8457686373
6924873893
1121101113
7360793803
9688962328
1643069900
2008063936
6449089509
2232571953
8581344516
9889114620
9459517358
2996497430
3871037441
1219032014
4943904012
4512548582
8399335251
6999911503
2399080185
5172184473
8290311095
9106766069
6190497895
1465003031
9674402154
8411815151
5594372654
3108267055
7033290726
3940501349
4396757830
8514887608
6969644696
2003574518
8829342436
6090608176
5886229492
7828224261
6488628339
5138924259
8795622549
1125784622
9154442251
6827079819
9830277761
7710069948
7045163766
8916235400
7627533382
7561597854
8168439925
6276492182
9179641538
7311338482
5331865568
9209587930
6296051543
3844519469
2323856448
2992100794
4512621307
4000150832
9999349749
5658592729
3602603750
4236574472
7878407302
7395169988
6845861542
4818044176
9282762192
1529044492
6886694193
1503828407
4805440620
4028953257
4191945893
4352715143
1132246706
1713519053
3528762246
4165980830
3693083941
9351103621
2473986942
5602794806
1218651092
9136488856
3963757025
2138390966
8676118713
2545793426
3916094577
6164429204
4174836937
3790796298
8108037999
5603198848
4543503996
2165324029
8623312176
1185197763
5007396446
1007408678
7520901162
7570262450
7757697384
6835076471
7567228846
4249736920
1577626264
8146434915
3737758907
4436665840
4028843123
9616773356
1209746227
9666727774
7237160315
7586469865
7173155135
1902984882
3706535135
4833300318
8995129286
3331959094
1129606947
4785214729
2213652397
4248016228
1117450692
7789799111
8256279347
9758572003
9458122035
5201288208
1298954148
9382681865
3511490492
7937959145
4936993858
5094823846
3789101691
1036052253
7500641132
4057065301
4081606686
4658736394
7365523972
4178094959
9507265953
3796674518
4450395114
7542734718
3098664026
5270322695
9628129833
2573734208
2389310111
5051590489
1624670150
9302843954
6013914214
1662886257
3440267908
1875897533
1408318664
2694850717
5847288809
1916327597
5209346894
4560394952
6931908221
6347575730
4586242969
7702511298
5642790702
4730623168
4237732446
2989290106
1279837291
6340563130
8719575089
9059850122
9229946519
8373380871
8873595935
8270563691
2578673860
6567928752
9277232928
3979768908
6573057983
3919055323
1695812501
2650588724
8925580325
3113468221
9486455376
8323901599
7682733628
7226237396
9918822669
3474610336
9529843803
9450041904
6937960694
4553671301
1083592793
5984037153
4712977202
4864409310
1123403175
3806855322
1849878341
8565537020
7499870312
6660684822
6924695505
3134056563
9023568000
9266712165
2354402668
3171670846
9859179743
6642429742
3351690838
9946419553
8304391011
9006632599
3286174465
1879995518
9711201073
5873939567
6335047650
3904050044
4094281508
8877127641
9757499991
6702781126
3402884838
3135363512
1346107196
1396390975
4096999484
1159598057
1684887019
4808935936
9054233385
4315117269
6119302467
2515006686
7283272743
8684495636
5032079229
7085451508
5077090881
8311805001
4466991669
3637284920
7882821395
1269060595
2014557012
1643736977
9607201691
7829153277
5307085564
4990956553
7332626806
3438934511
3183006870
3773479593
5723378163
4497076508
7285200392
9377926579
9563749285
5626779446
5798087499
4493400143
2285043165
1173152019
4744626903
8748191001
8993660291
2377935796
9454535643
4347538198
3339837811
6381204683
1698533153
4229541438
1311684248
4398643616
4525949148
6833529013
2623047913
9865090607
5741072068
1941658491
5583176311
6410895903
6073408363
2842537761
6867732802
5442138101
2846661206
1899978505
8177342956
3423403678
8707021546
1798257875
8053409846
8999875024
5535996131
5823857354
6052875020
8345649636
3866273105
9699073566
6525149957
3073028472
7001817568
3550799226
6922800575
9723739638
2086048565
9028987740
2404816721
6956657377
7050689440
5152270932
2871994484
4779433054
4191893104
1021510845
9959130830
5587604228
8857222347
1095155097
1588789841
1162584590
6973640679
9592116150
2179619077
9994905335
7961134463
7744159994
9213628029
2887297558
3054016149
3434314181
2505749303
4098892879
2994870552
7564773507
4192122643
6235062266
6318294900
7320761835
8620112996
1950514412
3652429864
3249196949
8814568646
3484140925
7005230959
6665430863
6548976170
2665320982
1681850767
4414381293
6663122831
8613897690
4372455526
6172595164
8500187788
7208666410
8116982730
7398707079
1623770825
2045608944
4306132483
7538740953
6735814206
2075447073
2441416339
7935577668
7983307007
5125922159
1532069989
1188941227
6334685989
2451221001
5550378060
8123178163
7687927461
6159544887
3334012578
1510839798
1578662286
1570812072
6026479679
8068593396
8375973235
6614212938
4103598117
5108143038
8574451597
6389200172
2145879769
7282357141
4974525187
1400251966
2961014670
3076175028
7174596180
9045621166
5037971331
9821898337
6727328708
1673641772
9497570077
3085065294
8732968403
4356040612
1231338346
1340946771
8561420673
1024613051
1365750589
4715979412
5491789756
5674560559
8930568810
6027996699
7010874417
1686493256
7371006811
7064095537
5142386512
8691477988
7953737363
3250833749
3196237107
4924846625
8999528895
5063718579
8685946508
1134385775
9947787388
2035235258
2003717375
8287031980
8676148824
5996617451
3382312843
8059533677
6219346937
1838187477
2061430642
1419322528
8040000465
2583607668
7641797174
8423474616
5084365573
2564608186
4830141080
6631472996
5767808896
7247854345
8950496810
9181830719
6065474192
8438183635
3919080643
9064893317
1462536316
5391266006
3155198096
6665498598
1204140777
6837400666
8432784789
5591616848
5796998168
5651403667
8398091886
8109990999
9156934002
1202069126
4482904472
9263627134
5369124404
5291342843
1737654906
3109543073
8895101156
2531740190
8658350773
5654228125
4467149630
4324811292
5433882333
8311323939
7721534370
8223772969
5361411389
9361844806
9490933996
6425698611
6991200841
4738080830
2314368489
1710150513
5377673392
8819994243
8037997178
2449472388
7070107390
1836924335
4373634814
8386251190
3664416858
4151985509
5853743628
7563962009
2753199503
9564947779
7762247589
1511198307
3109410829
4316707466
8427236492
9352832739
3167582911
5321313991
9169483531
9398649218
4571121975
9880540402
4861361756
4889505092
4674153288
9842915755
2476153425
4440002860
2722615374
2559718821
6578677493
4244279808
5007119512
8153738151
5079804053
3518475224
8886476681
2858768871
2706316269
5747202908
5121479251
9889502406
1076789636
7059159787
1532376412
5456252702
4110938690
4819466033
6937574100
8471943143
4929515411
5805393750
8002000695
6085536760
8890042842
4861769933
9864474341
9532679107
7401077955
9865779257
4807210947
8568239371
6325317584
5152642533
2974026891
5606879271
5303110743
4706873056
5681823152
1456749221
2375686076
4922451395
6233442949
2537141269
6730489171
2600784205
7366016840
3944541344
9020718724
6619664986
2825527367
1319756095
3647598697
4419290912
3873202996
1192809727
6384390821
9887416562
5114271396
5842733636
9107463951
1618416302
3163101555
2063352865
6798353036
7040941495
4000027567
1211852187
7189189407
6466913611
9558250472
7241290040
4551585909
6151157119
4969367961
3741688398
3783978353
3272246019
1638687733
6675354145
5833577748
3371379612
7421529327
6330159463
8698546606
8101107178
5319123503
2931387827
6011318480
1937145790
3675400962
3143133699
1362195458
5570446289
4965995152
6857674182
7256881754
5882667776
2412167486
6455915586
4297813362
5296191821
7957183650
2010193037
9138308301
2543861609
5829805215
2543040687
5359275924
6255921259
8007726524
7113045704
7474567352
3928202893
6071518682
9525660554
8357767470
1011084407
3399540461
8647701880
2686482030
6961916285
9460367265
6827396168
4489943301
5291659467
4321389004
8839022692
1495909942
4610385920
4264799907
5767546734
5650955907
5914992557
9569096919
9264019169
5960143066
3220902406
2827018058
3698884603
8837433486
1662418063
9884334343
2449529196
7447783122
5150500869
2870731022
7352335143
4967955059
5955814596
8950821300
1375873396
2581085815
6522732497
7001896345
7546960042
1906593449
1508830333
1164205889
8975150038
2205849291
8940908073
7554804866
1363558884
2088392506
8029500000
7685620661
8296525308
6826049755
1134104315
7677167992
5005395442
2604639649
7288305120
3075645660
3654346116
5609185134
7285652335
8041670057
2612043565
6890526202
7215925679
9953926986
7545465066
4139031672
4296991713
7701143449
9543220130
3236841472
4401896837
8630323982
6905852015
2322842708
3049837843
7722620551
4015752739
8642809727
3486000909
1713922029
6880367861
1397862327
3745714661
4781503351
6585002843
4911575950
7601785428
9377577674
1930294416
1935630283
3766669835
3441225353
5385640109
7705149151
8321201613
8986463365
2828560814
4214139365
8869968152
2495949854
5580355714
2673402310
9680880239
5729232631
3692258316
4463641955
2508340182
2734204842
2936985291
3388172679
9423442732
6471463089
8593964935
6741292706
4697469543
4889314626
3083871413
1035282156
4765432814
5544313088
9442460571
1931510661
8849407551
8386600494
7023593701
6283505464
9020647879
8457810328
9309180662
8743033589
5749066593
3865628041
7878937904
4255639762
1950025031
1683817273
5387854527
6095084029
1069421219
8134246340
9391462824
9898550213
5662837865
6443784358
4989373566
9663207970
5061799344
5552231716
8005648983
3751658239
5644700331
5279190366
2312293668
8683135969
7647352136
7680382159
5328037473
6534226801
7525569546
3108457154
6249072450
5103505524
6640479800
7823435373
5306802258
5889300127
5710042122
4084019835
3104748386
2784217812
5290060568
7649319094
4710801330
6270558746
5426754896
5887691293
2361075328
7994295541
5565490268
7653403357
1222849377
3056448061
8256874744
4246029437
4133178393
8481342598
2956431020
7695191659
5239094724
3848682850
9337380583
7007233106
4145137500
6936578187
4762552770
9473955758
4171355207
5227207362
5312491082
1490209285
7939340468
9652731459
7841250206
2785115612
4460276461
4314517601
6726842600
8814890865
7365050007
1661293747
3519924194
1037611249
9478990987
8337018987
5542725182
4936266727
9163901783
2368490218
3395973357
8971859669
8451976135
8646347663
4050247940
7135782517
1746592468
9943431593
9149746164
7793689636
1498913362
4798376963
6077709131
5847832778
6382293221
2848101775
7196965374
7069983024
1641582503
9546103507
7832542675
1840055817
5992397370
4417338151
7827985088
9494529047
1864619691
2725729560
5063283787
6254336647
7458272745
2892489514
8476111466
1245383668
7038705196
4800677915
4514605695
9133017265
6520560797
5158014514
6945728689
2833873352
5890558188
9145778132
5846923296
3514088190
2014285153
6796186140
4349617014
8726482785
4817761472
5230609653
3507041381
5522823619
1280358683
4757410760
1599324523
6850797843
6967125529
2184536102
8758350749
8362310119
1247232447
5017800029
8184969199
1838885534
5092149829
8852982686
6563906844
7260187408
6827292313
2783759632
2549505026
6360961805
8957573199
1427408443
4506855966
4374004684
2414185430
2217651437
5004011816
2531260606
3753511682
9092035434
1156386542
7852979059
9677763971
7652785730
8899129792
9599064266
5601879488
7868159742
2375198581
1261532139
1713817598
3720950966
2775718413
4195786352
7899199474
6345333049
8810623058
7760030682
3729024165
7031997518
3816652507
5658422587
4822725258
9281183744
2308105455
5226829585
2091018657
7747472804
5608654897
4393505474
3002977688
5956222479
3353686153
5165397273
7145084124
9693769187
2839437701
7716611565
2240696212
2854545038
4945047225
9259761648
1360995921
5077492886
7782954611
2292152583
6013993980
7759168703
2443054225
5303900549
1304754285
3773343311
5882344870
6392072169
7133705543
6930250493
8466959622
4283486313
9086214481
9647232568
9230095012
4379124525
8962662588
3517737395
8471452224
1047833709
1700954833
9823116822
4856139740
1534936116
9676536234
3031760375
4956259447
1872934835
3001208579
2343867760
7457687078
7494636104
3600927328
5999387845
7518348520
8469122344
1122994792
1430154072
8382324930
4655703566
3629087856
7175874270
2734509331
1532685909
8503499965
9772577700
5722875600
9487660100
8130480026
8937954024
4620474379
8163285511
6770494218
5064791437
8112635015
9691470885
5041440359
9619388482
1381686408
3898184475
9315966581
2424862614
5501009214
2139116529
1258193878
9324311810
8628317232
2682596370
4489123713
3079286330
7539256607
2221402254
7269706771
5227102427
1552340533
9522376799
5587070153
2402801837
7981731895
6431996809
8706720658
8846135957
1874744358
3154364626
6623318473
2761686290
7052250979
2191171036
1956784088
6034293806
7455636410
3512605299
7718773748
2496843489
7114421726
7787612376
7452773865
1166647591
2912149658
8676652444
6976614610
9356184522
5703605086
4924861899
8730729193
9862767525
5489791427
2177188631
3668723074
9438349601
1470778458
8475698025
7812595892
6572097108
1399270156
9101226568
8661921375
8317052077
2898698137
7522335562
8712985762
3038210004
7659235478
6840899118
7451540953
2247826631
9994468474
1386314278
9829835171
3063290517
8186356668
8589262600
1393181503
4775746826
8299931491
6824032308
3405723368
2486663063
3929728256
1892805155
3845098041
5553970687
9256081569
1847716754
2897849352
6917690001
1887600597
5478659595
8796508422
7805493144
4786095900
4036425351
5473749721
9126555591
3166731328
5707382059
9791492562
6676454593
3736265297
1861899437
4267339610
7926284146
8970646977
6984121418
3426274182
4626817549
9521977832
5607397204
4218299189
5240184370
5637736592
9423124746
5583868115
5082227251
1501580721
4675577843
9326703165
1666962239
1970299018
5974594693
5330902903
9042671745
1489228258
6173241953
6217907886
2533792129
4490108959
2815051595
7786984488
2263213836
2087460480
3683408806
7216126513
9198259354
5045905055
7695392787
5617893976
2939581177
6944007391
6647847375
1528391876
1803684268
5595584030
1361947164
1909219636
7384427085
7392733806
2887847289
4516904750
6014359903
7076523017
9566189880
6491324893
9129496409
6911785470
9053991111
5533755416
5025009388
7215522591
9346753379
9998510221
4037479067
1993261463
6614651504
9534841531
7764063471
5029680695
3940090083
8117478800
2328154647
8284732543
3449612099
3509846319
3233654602
9420007499
5281867759
5920580489
9382991783
6975363929
8214077785
2647415620
2956377099
6862298373
4112878683
6712306449
7416567245
6959464331
1706538447
2981080752
1309531738
3495963158
7783251429
8420477117
3156796308
7857772897
3693782552
2765781073
5505116301
9781053626
8209787099
4969035608
4927507251
2257136965
2522834860
3760513230
8987067518
1411033501
4887796350
6660846288
7836378064
5329390099
5745731261
8379469792
1822404859
4598406442
9464613080
9985981723
1987989902
4983133035
2789806943
2856600186
7925129366
1003543746
4105403083
1255315524
7694217241
3267082190
1057032219
9994238054
1624799326
3365189652
6589558972
9639467466
4546903852
9461275452
1354450758
4580607865
7739619309
8254947603
9999698522
2342700214
5364689911
2856879568
7538349895
5435319211
9517941916
9349654279
2684513344
5843294104
6877331489
6718881838
6720193951
7760449609
6819266549
8211644164
8517875364
8587251302
3936763496
5967480261
6725567119
4192982174
6515259751
3538113663
6903906905
7589937462
1880198191
9274742491
1338153054
7047660455
2556967618
5433141126
3995550678
7142222942
2307573166
5996534499
6117901662
5427231730
6300822332
4043471497
4108846363
5290792526
8370392772
6091770296
5909314533
5256612573
7287786040
2721262562
7207203157
3571957008
8115051779
2341434373
4079397251
4081353254
8633484466
1321028775
3112731561
5938654147
6209584649
2076463080
8500931718
8399160103
2727744480
4911253294
1885287102
9521492016
7332058347
9827641318
3314551485
4822091502
8785913719
1120337263
8209711374
2706212451
2645673319
4304142878
9783800929
9398126996
5985763696
7322117296
9983104528
8385682518
5421128032
6570855054
3835189816
9255369741
5111563908
9772616981
5824080376
9119103033
2564427730
8270902464
2634465442
3415265807
7243360534
6881314409
1853874180
2533524488
9849862969
3228792677
9718400985
3877467959
7320542894
1225523904
9390106491
1837883807
4296352435
2814805743
2452301883
2268826200
1142553844
1902328849
7476434721
5310314351
9206006275
7782831547
9045381124
8210766696
5026018425
1134023232
3120696254
1125562994
1196576585
5160662680
3190228408
2205524153
7220391155
3200577899
5485738286
1749911994
8794571738
9975139347
3333074375
6746482005
5480757341
4023799270
5737925940
3035439641
7293293362
5750855728
4587606514
8776663590
4348681260
6912417729
2116863962
8874218789
4963463452
2957532795
2626656854
6704758573
7275963686
4496161361
1834585891
5795572603
3661333510
9376252115
8150840752
3962386569
8243583536
8340071379
4773634906
6408966674
1664430313
8557511230
7179435254
5921640899
8220683408
5315776772
7655316560
5806905116
7561187318
5043849792
3333819546
1524563553
6372400863
7409416756
1270325261
5515333519
8011130830
7776601208
1710535556
1692443592
8440885400
9180397179
3044148971
2714430698
8935908939
3218501790
1205232492
1014268420
4735926326
4303252733
3776421939
3587764358
5392621084
9633509342
4032276818
2219211602
6045332493
1476163532
1458051658
5575866660
3124892761
6863704794
8228484086
5727313614
6898104559
2537878879
1052515422
9471095595
8426343645
4033372782
8859245709
9830634079
8394895110
8142092316
2351480012
8146623650
2887795239
2835857558
9886046852
2978502708
3529600647
1587266965
6828064653
1003516127
7953818000
8567823633
6853994174
3902871681
3659723499
3818753163
1113766138
2416714151
2772356499
8000479018
7951347386
2567284227
9492211481
9646942559
8017434794
4359213545
7448492518
1091363617
8568800123
5739385460
6001871951
4312972322
2354225939
1368966892
6201817483
2057478494
1978512392
9238495193
5882214144
9950465211
4348733670
2511043175
1599826204
2094258159
2979151013
1073767611
2415583209
3150503610
4690278299
9794774237
3381923253
7964397869
3436883908
3269110047
2194407845
4623336441
4291147959
6766420756
4237497190
7443379850
2285346336
7093570975
1413151102